Problem name: dC_01
Number of times: 100
Lower value of k: -15.0
Upper value of k: 15.0
Times    b                                                                                  a 
1      002.000   0.183,0.183,0.183,0.183,0.183,0.183,0.183,0.183,0.183,0.183,0.183,0.183,0.183,0.183,0.183,0.183,0.183,0.183,0.183,0.183,0.183,0.183,0.183,0.183,0.183,0.183,0.183,0.183,0.183,0.183
2     -004.009   0.183,0.183,0.183,0.183,0.183,0.183,0.183,0.183,0.183,0.183,0.183,0.183,0.183,0.183,0.183,0.183,0.183,0.183,0.183,0.183,0.183,0.183,0.183,0.183,0.183,0.183,0.183,0.183,0.183,0.183
3     -012.702   0.183,0.183,0.183,0.183,0.183,0.183,0.183,0.183,0.183,0.183,0.183,0.183,0.183,0.183,0.183,0.183,0.183,0.183,0.183,0.183,0.183,0.183,0.183,0.183,0.183,0.183,0.183,0.183,0.183,0.183
4     -002.688   0.183,0.183,0.183,0.183,0.183,0.183,0.183,0.183,0.183,0.183,0.183,0.183,0.183,0.183,0.183,0.183,0.183,0.183,0.183,0.183,0.183,0.183,0.183,0.183,0.183,0.183,0.183,0.183,0.183,0.183
5      008.385   0.183,0.183,0.183,0.183,0.183,0.183,0.183,0.183,0.183,0.183,0.183,0.183,0.183,0.183,0.183,0.183,0.183,0.183,0.183,0.183,0.183,0.183,0.183,0.183,0.183,0.183,0.183,0.183,0.183,0.183
6      011.691   0.183,0.183,0.183,0.183,0.183,0.183,0.183,0.183,0.183,0.183,0.183,0.183,0.183,0.183,0.183,0.183,0.183,0.183,0.183,0.183,0.183,0.183,0.183,0.183,0.183,0.183,0.183,0.183,0.183,0.183
7     -001.241   0.183,0.183,0.183,0.183,0.183,0.183,0.183,0.183,0.183,0.183,0.183,0.183,0.183,0.183,0.183,0.183,0.183,0.183,0.183,0.183,0.183,0.183,0.183,0.183,0.183,0.183,0.183,0.183,0.183,0.183
8      005.480   0.183,0.183,0.183,0.183,0.183,0.183,0.183,0.183,0.183,0.183,0.183,0.183,0.183,0.183,0.183,0.183,0.183,0.183,0.183,0.183,0.183,0.183,0.183,0.183,0.183,0.183,0.183,0.183,0.183,0.183
9      007.862   0.183,0.183,0.183,0.183,0.183,0.183,0.183,0.183,0.183,0.183,0.183,0.183,0.183,0.183,0.183,0.183,0.183,0.183,0.183,0.183,0.183,0.183,0.183,0.183,0.183,0.183,0.183,0.183,0.183,0.183
10     014.350   0.183,0.183,0.183,0.183,0.183,0.183,0.183,0.183,0.183,0.183,0.183,0.183,0.183,0.183,0.183,0.183,0.183,0.183,0.183,0.183,0.183,0.183,0.183,0.183,0.183,0.183,0.183,0.183,0.183,0.183
11     006.285   0.183,0.183,0.183,0.183,0.183,0.183,0.183,0.183,0.183,0.183,0.183,0.183,0.183,0.183,0.183,0.183,0.183,0.183,0.183,0.183,0.183,0.183,0.183,0.183,0.183,0.183,0.183,0.183,0.183,0.183
12    -007.390   0.183,0.183,0.183,0.183,0.183,0.183,0.183,0.183,0.183,0.183,0.183,0.183,0.183,0.183,0.183,0.183,0.183,0.183,0.183,0.183,0.183,0.183,0.183,0.183,0.183,0.183,0.183,0.183,0.183,0.183
13    -021.989   0.183,0.183,0.183,0.183,0.183,0.183,0.183,0.183,0.183,0.183,0.183,0.183,0.183,0.183,0.183,0.183,0.183,0.183,0.183,0.183,0.183,0.183,0.183,0.183,0.183,0.183,0.183,0.183,0.183,0.183
14    -016.632   0.183,0.183,0.183,0.183,0.183,0.183,0.183,0.183,0.183,0.183,0.183,0.183,0.183,0.183,0.183,0.183,0.183,0.183,0.183,0.183,0.183,0.183,0.183,0.183,0.183,0.183,0.183,0.183,0.183,0.183
15    -009.809   0.183,0.183,0.183,0.183,0.183,0.183,0.183,0.183,0.183,0.183,0.183,0.183,0.183,0.183,0.183,0.183,0.183,0.183,0.183,0.183,0.183,0.183,0.183,0.183,0.183,0.183,0.183,0.183,0.183,0.183
16    -003.598   0.183,0.183,0.183,0.183,0.183,0.183,0.183,0.183,0.183,0.183,0.183,0.183,0.183,0.183,0.183,0.183,0.183,0.183,0.183,0.183,0.183,0.183,0.183,0.183,0.183,0.183,0.183,0.183,0.183,0.183
17     010.335   0.183,0.183,0.183,0.183,0.183,0.183,0.183,0.183,0.183,0.183,0.183,0.183,0.183,0.183,0.183,0.183,0.183,0.183,0.183,0.183,0.183,0.183,0.183,0.183,0.183,0.183,0.183,0.183,0.183,0.183
18    -003.044   0.183,0.183,0.183,0.183,0.183,0.183,0.183,0.183,0.183,0.183,0.183,0.183,0.183,0.183,0.183,0.183,0.183,0.183,0.183,0.183,0.183,0.183,0.183,0.183,0.183,0.183,0.183,0.183,0.183,0.183
19    -008.393   0.183,0.183,0.183,0.183,0.183,0.183,0.183,0.183,0.183,0.183,0.183,0.183,0.183,0.183,0.183,0.183,0.183,0.183,0.183,0.183,0.183,0.183,0.183,0.183,0.183,0.183,0.183,0.183,0.183,0.183
20    -009.358   0.183,0.183,0.183,0.183,0.183,0.183,0.183,0.183,0.183,0.183,0.183,0.183,0.183,0.183,0.183,0.183,0.183,0.183,0.183,0.183,0.183,0.183,0.183,0.183,0.183,0.183,0.183,0.183,0.183,0.183
21    -003.412   0.183,0.183,0.183,0.183,0.183,0.183,0.183,0.183,0.183,0.183,0.183,0.183,0.183,0.183,0.183,0.183,0.183,0.183,0.183,0.183,0.183,0.183,0.183,0.183,0.183,0.183,0.183,0.183,0.183,0.183
22     008.248   0.183,0.183,0.183,0.183,0.183,0.183,0.183,0.183,0.183,0.183,0.183,0.183,0.183,0.183,0.183,0.183,0.183,0.183,0.183,0.183,0.183,0.183,0.183,0.183,0.183,0.183,0.183,0.183,0.183,0.183
23     021.065   0.183,0.183,0.183,0.183,0.183,0.183,0.183,0.183,0.183,0.183,0.183,0.183,0.183,0.183,0.183,0.183,0.183,0.183,0.183,0.183,0.183,0.183,0.183,0.183,0.183,0.183,0.183,0.183,0.183,0.183
24     016.362   0.183,0.183,0.183,0.183,0.183,0.183,0.183,0.183,0.183,0.183,0.183,0.183,0.183,0.183,0.183,0.183,0.183,0.183,0.183,0.183,0.183,0.183,0.183,0.183,0.183,0.183,0.183,0.183,0.183,0.183
25     018.903   0.183,0.183,0.183,0.183,0.183,0.183,0.183,0.183,0.183,0.183,0.183,0.183,0.183,0.183,0.183,0.183,0.183,0.183,0.183,0.183,0.183,0.183,0.183,0.183,0.183,0.183,0.183,0.183,0.183,0.183
26     015.683   0.183,0.183,0.183,0.183,0.183,0.183,0.183,0.183,0.183,0.183,0.183,0.183,0.183,0.183,0.183,0.183,0.183,0.183,0.183,0.183,0.183,0.183,0.183,0.183,0.183,0.183,0.183,0.183,0.183,0.183
27     012.362   0.183,0.183,0.183,0.183,0.183,0.183,0.183,0.183,0.183,0.183,0.183,0.183,0.183,0.183,0.183,0.183,0.183,0.183,0.183,0.183,0.183,0.183,0.183,0.183,0.183,0.183,0.183,0.183,0.183,0.183
28     014.683   0.183,0.183,0.183,0.183,0.183,0.183,0.183,0.183,0.183,0.183,0.183,0.183,0.183,0.183,0.183,0.183,0.183,0.183,0.183,0.183,0.183,0.183,0.183,0.183,0.183,0.183,0.183,0.183,0.183,0.183
29     004.728   0.183,0.183,0.183,0.183,0.183,0.183,0.183,0.183,0.183,0.183,0.183,0.183,0.183,0.183,0.183,0.183,0.183,0.183,0.183,0.183,0.183,0.183,0.183,0.183,0.183,0.183,0.183,0.183,0.183,0.183
30     013.816   0.183,0.183,0.183,0.183,0.183,0.183,0.183,0.183,0.183,0.183,0.183,0.183,0.183,0.183,0.183,0.183,0.183,0.183,0.183,0.183,0.183,0.183,0.183,0.183,0.183,0.183,0.183,0.183,0.183,0.183
31     003.435   0.183,0.183,0.183,0.183,0.183,0.183,0.183,0.183,0.183,0.183,0.183,0.183,0.183,0.183,0.183,0.183,0.183,0.183,0.183,0.183,0.183,0.183,0.183,0.183,0.183,0.183,0.183,0.183,0.183,0.183
32    -003.732   0.183,0.183,0.183,0.183,0.183,0.183,0.183,0.183,0.183,0.183,0.183,0.183,0.183,0.183,0.183,0.183,0.183,0.183,0.183,0.183,0.183,0.183,0.183,0.183,0.183,0.183,0.183,0.183,0.183,0.183
33     003.360   0.183,0.183,0.183,0.183,0.183,0.183,0.183,0.183,0.183,0.183,0.183,0.183,0.183,0.183,0.183,0.183,0.183,0.183,0.183,0.183,0.183,0.183,0.183,0.183,0.183,0.183,0.183,0.183,0.183,0.183
34    -006.246   0.183,0.183,0.183,0.183,0.183,0.183,0.183,0.183,0.183,0.183,0.183,0.183,0.183,0.183,0.183,0.183,0.183,0.183,0.183,0.183,0.183,0.183,0.183,0.183,0.183,0.183,0.183,0.183,0.183,0.183
35    -002.799   0.183,0.183,0.183,0.183,0.183,0.183,0.183,0.183,0.183,0.183,0.183,0.183,0.183,0.183,0.183,0.183,0.183,0.183,0.183,0.183,0.183,0.183,0.183,0.183,0.183,0.183,0.183,0.183,0.183,0.183
36    -007.595   0.183,0.183,0.183,0.183,0.183,0.183,0.183,0.183,0.183,0.183,0.183,0.183,0.183,0.183,0.183,0.183,0.183,0.183,0.183,0.183,0.183,0.183,0.183,0.183,0.183,0.183,0.183,0.183,0.183,0.183
37    -017.713   0.183,0.183,0.183,0.183,0.183,0.183,0.183,0.183,0.183,0.183,0.183,0.183,0.183,0.183,0.183,0.183,0.183,0.183,0.183,0.183,0.183,0.183,0.183,0.183,0.183,0.183,0.183,0.183,0.183,0.183
38    -023.188   0.183,0.183,0.183,0.183,0.183,0.183,0.183,0.183,0.183,0.183,0.183,0.183,0.183,0.183,0.183,0.183,0.183,0.183,0.183,0.183,0.183,0.183,0.183,0.183,0.183,0.183,0.183,0.183,0.183,0.183
39    -037.957   0.183,0.183,0.183,0.183,0.183,0.183,0.183,0.183,0.183,0.183,0.183,0.183,0.183,0.183,0.183,0.183,0.183,0.183,0.183,0.183,0.183,0.183,0.183,0.183,0.183,0.183,0.183,0.183,0.183,0.183
40    -029.763   0.183,0.183,0.183,0.183,0.183,0.183,0.183,0.183,0.183,0.183,0.183,0.183,0.183,0.183,0.183,0.183,0.183,0.183,0.183,0.183,0.183,0.183,0.183,0.183,0.183,0.183,0.183,0.183,0.183,0.183
41    -016.246   0.183,0.183,0.183,0.183,0.183,0.183,0.183,0.183,0.183,0.183,0.183,0.183,0.183,0.183,0.183,0.183,0.183,0.183,0.183,0.183,0.183,0.183,0.183,0.183,0.183,0.183,0.183,0.183,0.183,0.183
42    -013.633   0.183,0.183,0.183,0.183,0.183,0.183,0.183,0.183,0.183,0.183,0.183,0.183,0.183,0.183,0.183,0.183,0.183,0.183,0.183,0.183,0.183,0.183,0.183,0.183,0.183,0.183,0.183,0.183,0.183,0.183
43    -016.743   0.183,0.183,0.183,0.183,0.183,0.183,0.183,0.183,0.183,0.183,0.183,0.183,0.183,0.183,0.183,0.183,0.183,0.183,0.183,0.183,0.183,0.183,0.183,0.183,0.183,0.183,0.183,0.183,0.183,0.183
44    -005.812   0.183,0.183,0.183,0.183,0.183,0.183,0.183,0.183,0.183,0.183,0.183,0.183,0.183,0.183,0.183,0.183,0.183,0.183,0.183,0.183,0.183,0.183,0.183,0.183,0.183,0.183,0.183,0.183,0.183,0.183
45    -009.827   0.183,0.183,0.183,0.183,0.183,0.183,0.183,0.183,0.183,0.183,0.183,0.183,0.183,0.183,0.183,0.183,0.183,0.183,0.183,0.183,0.183,0.183,0.183,0.183,0.183,0.183,0.183,0.183,0.183,0.183
46     000.510   0.183,0.183,0.183,0.183,0.183,0.183,0.183,0.183,0.183,0.183,0.183,0.183,0.183,0.183,0.183,0.183,0.183,0.183,0.183,0.183,0.183,0.183,0.183,0.183,0.183,0.183,0.183,0.183,0.183,0.183
47    -001.520   0.183,0.183,0.183,0.183,0.183,0.183,0.183,0.183,0.183,0.183,0.183,0.183,0.183,0.183,0.183,0.183,0.183,0.183,0.183,0.183,0.183,0.183,0.183,0.183,0.183,0.183,0.183,0.183,0.183,0.183
48    -011.598   0.183,0.183,0.183,0.183,0.183,0.183,0.183,0.183,0.183,0.183,0.183,0.183,0.183,0.183,0.183,0.183,0.183,0.183,0.183,0.183,0.183,0.183,0.183,0.183,0.183,0.183,0.183,0.183,0.183,0.183
49    -014.861   0.183,0.183,0.183,0.183,0.183,0.183,0.183,0.183,0.183,0.183,0.183,0.183,0.183,0.183,0.183,0.183,0.183,0.183,0.183,0.183,0.183,0.183,0.183,0.183,0.183,0.183,0.183,0.183,0.183,0.183
50    -006.502   0.183,0.183,0.183,0.183,0.183,0.183,0.183,0.183,0.183,0.183,0.183,0.183,0.183,0.183,0.183,0.183,0.183,0.183,0.183,0.183,0.183,0.183,0.183,0.183,0.183,0.183,0.183,0.183,0.183,0.183
51    -021.320   0.183,0.183,0.183,0.183,0.183,0.183,0.183,0.183,0.183,0.183,0.183,0.183,0.183,0.183,0.183,0.183,0.183,0.183,0.183,0.183,0.183,0.183,0.183,0.183,0.183,0.183,0.183,0.183,0.183,0.183
52    -016.682   0.183,0.183,0.183,0.183,0.183,0.183,0.183,0.183,0.183,0.183,0.183,0.183,0.183,0.183,0.183,0.183,0.183,0.183,0.183,0.183,0.183,0.183,0.183,0.183,0.183,0.183,0.183,0.183,0.183,0.183
53    -030.442   0.183,0.183,0.183,0.183,0.183,0.183,0.183,0.183,0.183,0.183,0.183,0.183,0.183,0.183,0.183,0.183,0.183,0.183,0.183,0.183,0.183,0.183,0.183,0.183,0.183,0.183,0.183,0.183,0.183,0.183
54    -026.574   0.183,0.183,0.183,0.183,0.183,0.183,0.183,0.183,0.183,0.183,0.183,0.183,0.183,0.183,0.183,0.183,0.183,0.183,0.183,0.183,0.183,0.183,0.183,0.183,0.183,0.183,0.183,0.183,0.183,0.183
55    -011.749   0.183,0.183,0.183,0.183,0.183,0.183,0.183,0.183,0.183,0.183,0.183,0.183,0.183,0.183,0.183,0.183,0.183,0.183,0.183,0.183,0.183,0.183,0.183,0.183,0.183,0.183,0.183,0.183,0.183,0.183
56    -002.350   0.183,0.183,0.183,0.183,0.183,0.183,0.183,0.183,0.183,0.183,0.183,0.183,0.183,0.183,0.183,0.183,0.183,0.183,0.183,0.183,0.183,0.183,0.183,0.183,0.183,0.183,0.183,0.183,0.183,0.183
57     005.004   0.183,0.183,0.183,0.183,0.183,0.183,0.183,0.183,0.183,0.183,0.183,0.183,0.183,0.183,0.183,0.183,0.183,0.183,0.183,0.183,0.183,0.183,0.183,0.183,0.183,0.183,0.183,0.183,0.183,0.183
58    -002.491   0.183,0.183,0.183,0.183,0.183,0.183,0.183,0.183,0.183,0.183,0.183,0.183,0.183,0.183,0.183,0.183,0.183,0.183,0.183,0.183,0.183,0.183,0.183,0.183,0.183,0.183,0.183,0.183,0.183,0.183
59     009.740   0.183,0.183,0.183,0.183,0.183,0.183,0.183,0.183,0.183,0.183,0.183,0.183,0.183,0.183,0.183,0.183,0.183,0.183,0.183,0.183,0.183,0.183,0.183,0.183,0.183,0.183,0.183,0.183,0.183,0.183
60     004.550   0.183,0.183,0.183,0.183,0.183,0.183,0.183,0.183,0.183,0.183,0.183,0.183,0.183,0.183,0.183,0.183,0.183,0.183,0.183,0.183,0.183,0.183,0.183,0.183,0.183,0.183,0.183,0.183,0.183,0.183
61    -009.736   0.183,0.183,0.183,0.183,0.183,0.183,0.183,0.183,0.183,0.183,0.183,0.183,0.183,0.183,0.183,0.183,0.183,0.183,0.183,0.183,0.183,0.183,0.183,0.183,0.183,0.183,0.183,0.183,0.183,0.183
62    -020.241   0.183,0.183,0.183,0.183,0.183,0.183,0.183,0.183,0.183,0.183,0.183,0.183,0.183,0.183,0.183,0.183,0.183,0.183,0.183,0.183,0.183,0.183,0.183,0.183,0.183,0.183,0.183,0.183,0.183,0.183
63    -007.908   0.183,0.183,0.183,0.183,0.183,0.183,0.183,0.183,0.183,0.183,0.183,0.183,0.183,0.183,0.183,0.183,0.183,0.183,0.183,0.183,0.183,0.183,0.183,0.183,0.183,0.183,0.183,0.183,0.183,0.183
64     006.523   0.183,0.183,0.183,0.183,0.183,0.183,0.183,0.183,0.183,0.183,0.183,0.183,0.183,0.183,0.183,0.183,0.183,0.183,0.183,0.183,0.183,0.183,0.183,0.183,0.183,0.183,0.183,0.183,0.183,0.183
65     016.682   0.183,0.183,0.183,0.183,0.183,0.183,0.183,0.183,0.183,0.183,0.183,0.183,0.183,0.183,0.183,0.183,0.183,0.183,0.183,0.183,0.183,0.183,0.183,0.183,0.183,0.183,0.183,0.183,0.183,0.183
66     006.436   0.183,0.183,0.183,0.183,0.183,0.183,0.183,0.183,0.183,0.183,0.183,0.183,0.183,0.183,0.183,0.183,0.183,0.183,0.183,0.183,0.183,0.183,0.183,0.183,0.183,0.183,0.183,0.183,0.183,0.183
67     007.617   0.183,0.183,0.183,0.183,0.183,0.183,0.183,0.183,0.183,0.183,0.183,0.183,0.183,0.183,0.183,0.183,0.183,0.183,0.183,0.183,0.183,0.183,0.183,0.183,0.183,0.183,0.183,0.183,0.183,0.183
68    -002.437   0.183,0.183,0.183,0.183,0.183,0.183,0.183,0.183,0.183,0.183,0.183,0.183,0.183,0.183,0.183,0.183,0.183,0.183,0.183,0.183,0.183,0.183,0.183,0.183,0.183,0.183,0.183,0.183,0.183,0.183
69     002.055   0.183,0.183,0.183,0.183,0.183,0.183,0.183,0.183,0.183,0.183,0.183,0.183,0.183,0.183,0.183,0.183,0.183,0.183,0.183,0.183,0.183,0.183,0.183,0.183,0.183,0.183,0.183,0.183,0.183,0.183
70     010.288   0.183,0.183,0.183,0.183,0.183,0.183,0.183,0.183,0.183,0.183,0.183,0.183,0.183,0.183,0.183,0.183,0.183,0.183,0.183,0.183,0.183,0.183,0.183,0.183,0.183,0.183,0.183,0.183,0.183,0.183
71    -001.790   0.183,0.183,0.183,0.183,0.183,0.183,0.183,0.183,0.183,0.183,0.183,0.183,0.183,0.183,0.183,0.183,0.183,0.183,0.183,0.183,0.183,0.183,0.183,0.183,0.183,0.183,0.183,0.183,0.183,0.183
72    -002.845   0.183,0.183,0.183,0.183,0.183,0.183,0.183,0.183,0.183,0.183,0.183,0.183,0.183,0.183,0.183,0.183,0.183,0.183,0.183,0.183,0.183,0.183,0.183,0.183,0.183,0.183,0.183,0.183,0.183,0.183
73     001.150   0.183,0.183,0.183,0.183,0.183,0.183,0.183,0.183,0.183,0.183,0.183,0.183,0.183,0.183,0.183,0.183,0.183,0.183,0.183,0.183,0.183,0.183,0.183,0.183,0.183,0.183,0.183,0.183,0.183,0.183
74     015.459   0.183,0.183,0.183,0.183,0.183,0.183,0.183,0.183,0.183,0.183,0.183,0.183,0.183,0.183,0.183,0.183,0.183,0.183,0.183,0.183,0.183,0.183,0.183,0.183,0.183,0.183,0.183,0.183,0.183,0.183
75     026.304   0.183,0.183,0.183,0.183,0.183,0.183,0.183,0.183,0.183,0.183,0.183,0.183,0.183,0.183,0.183,0.183,0.183,0.183,0.183,0.183,0.183,0.183,0.183,0.183,0.183,0.183,0.183,0.183,0.183,0.183
76     018.224   0.183,0.183,0.183,0.183,0.183,0.183,0.183,0.183,0.183,0.183,0.183,0.183,0.183,0.183,0.183,0.183,0.183,0.183,0.183,0.183,0.183,0.183,0.183,0.183,0.183,0.183,0.183,0.183,0.183,0.183
77     014.463   0.183,0.183,0.183,0.183,0.183,0.183,0.183,0.183,0.183,0.183,0.183,0.183,0.183,0.183,0.183,0.183,0.183,0.183,0.183,0.183,0.183,0.183,0.183,0.183,0.183,0.183,0.183,0.183,0.183,0.183
78     027.958   0.183,0.183,0.183,0.183,0.183,0.183,0.183,0.183,0.183,0.183,0.183,0.183,0.183,0.183,0.183,0.183,0.183,0.183,0.183,0.183,0.183,0.183,0.183,0.183,0.183,0.183,0.183,0.183,0.183,0.183
79     037.325   0.183,0.183,0.183,0.183,0.183,0.183,0.183,0.183,0.183,0.183,0.183,0.183,0.183,0.183,0.183,0.183,0.183,0.183,0.183,0.183,0.183,0.183,0.183,0.183,0.183,0.183,0.183,0.183,0.183,0.183
80     047.705   0.183,0.183,0.183,0.183,0.183,0.183,0.183,0.183,0.183,0.183,0.183,0.183,0.183,0.183,0.183,0.183,0.183,0.183,0.183,0.183,0.183,0.183,0.183,0.183,0.183,0.183,0.183,0.183,0.183,0.183
81     045.811   0.183,0.183,0.183,0.183,0.183,0.183,0.183,0.183,0.183,0.183,0.183,0.183,0.183,0.183,0.183,0.183,0.183,0.183,0.183,0.183,0.183,0.183,0.183,0.183,0.183,0.183,0.183,0.183,0.183,0.183
82     052.127   0.183,0.183,0.183,0.183,0.183,0.183,0.183,0.183,0.183,0.183,0.183,0.183,0.183,0.183,0.183,0.183,0.183,0.183,0.183,0.183,0.183,0.183,0.183,0.183,0.183,0.183,0.183,0.183,0.183,0.183
83     054.837   0.183,0.183,0.183,0.183,0.183,0.183,0.183,0.183,0.183,0.183,0.183,0.183,0.183,0.183,0.183,0.183,0.183,0.183,0.183,0.183,0.183,0.183,0.183,0.183,0.183,0.183,0.183,0.183,0.183,0.183
84     046.756   0.183,0.183,0.183,0.183,0.183,0.183,0.183,0.183,0.183,0.183,0.183,0.183,0.183,0.183,0.183,0.183,0.183,0.183,0.183,0.183,0.183,0.183,0.183,0.183,0.183,0.183,0.183,0.183,0.183,0.183
85     050.567   0.183,0.183,0.183,0.183,0.183,0.183,0.183,0.183,0.183,0.183,0.183,0.183,0.183,0.183,0.183,0.183,0.183,0.183,0.183,0.183,0.183,0.183,0.183,0.183,0.183,0.183,0.183,0.183,0.183,0.183
86     053.022   0.183,0.183,0.183,0.183,0.183,0.183,0.183,0.183,0.183,0.183,0.183,0.183,0.183,0.183,0.183,0.183,0.183,0.183,0.183,0.183,0.183,0.183,0.183,0.183,0.183,0.183,0.183,0.183,0.183,0.183
87     060.319   0.183,0.183,0.183,0.183,0.183,0.183,0.183,0.183,0.183,0.183,0.183,0.183,0.183,0.183,0.183,0.183,0.183,0.183,0.183,0.183,0.183,0.183,0.183,0.183,0.183,0.183,0.183,0.183,0.183,0.183
88     069.498   0.183,0.183,0.183,0.183,0.183,0.183,0.183,0.183,0.183,0.183,0.183,0.183,0.183,0.183,0.183,0.183,0.183,0.183,0.183,0.183,0.183,0.183,0.183,0.183,0.183,0.183,0.183,0.183,0.183,0.183
89     072.247   0.183,0.183,0.183,0.183,0.183,0.183,0.183,0.183,0.183,0.183,0.183,0.183,0.183,0.183,0.183,0.183,0.183,0.183,0.183,0.183,0.183,0.183,0.183,0.183,0.183,0.183,0.183,0.183,0.183,0.183
90     081.527   0.183,0.183,0.183,0.183,0.183,0.183,0.183,0.183,0.183,0.183,0.183,0.183,0.183,0.183,0.183,0.183,0.183,0.183,0.183,0.183,0.183,0.183,0.183,0.183,0.183,0.183,0.183,0.183,0.183,0.183
91     072.084   0.183,0.183,0.183,0.183,0.183,0.183,0.183,0.183,0.183,0.183,0.183,0.183,0.183,0.183,0.183,0.183,0.183,0.183,0.183,0.183,0.183,0.183,0.183,0.183,0.183,0.183,0.183,0.183,0.183,0.183
92     063.716   0.183,0.183,0.183,0.183,0.183,0.183,0.183,0.183,0.183,0.183,0.183,0.183,0.183,0.183,0.183,0.183,0.183,0.183,0.183,0.183,0.183,0.183,0.183,0.183,0.183,0.183,0.183,0.183,0.183,0.183
93     068.207   0.183,0.183,0.183,0.183,0.183,0.183,0.183,0.183,0.183,0.183,0.183,0.183,0.183,0.183,0.183,0.183,0.183,0.183,0.183,0.183,0.183,0.183,0.183,0.183,0.183,0.183,0.183,0.183,0.183,0.183
94     063.925   0.183,0.183,0.183,0.183,0.183,0.183,0.183,0.183,0.183,0.183,0.183,0.183,0.183,0.183,0.183,0.183,0.183,0.183,0.183,0.183,0.183,0.183,0.183,0.183,0.183,0.183,0.183,0.183,0.183,0.183
95     072.504   0.183,0.183,0.183,0.183,0.183,0.183,0.183,0.183,0.183,0.183,0.183,0.183,0.183,0.183,0.183,0.183,0.183,0.183,0.183,0.183,0.183,0.183,0.183,0.183,0.183,0.183,0.183,0.183,0.183,0.183
96     057.540   0.183,0.183,0.183,0.183,0.183,0.183,0.183,0.183,0.183,0.183,0.183,0.183,0.183,0.183,0.183,0.183,0.183,0.183,0.183,0.183,0.183,0.183,0.183,0.183,0.183,0.183,0.183,0.183,0.183,0.183
97     070.728   0.183,0.183,0.183,0.183,0.183,0.183,0.183,0.183,0.183,0.183,0.183,0.183,0.183,0.183,0.183,0.183,0.183,0.183,0.183,0.183,0.183,0.183,0.183,0.183,0.183,0.183,0.183,0.183,0.183,0.183
98     064.184   0.183,0.183,0.183,0.183,0.183,0.183,0.183,0.183,0.183,0.183,0.183,0.183,0.183,0.183,0.183,0.183,0.183,0.183,0.183,0.183,0.183,0.183,0.183,0.183,0.183,0.183,0.183,0.183,0.183,0.183
99     077.627   0.183,0.183,0.183,0.183,0.183,0.183,0.183,0.183,0.183,0.183,0.183,0.183,0.183,0.183,0.183,0.183,0.183,0.183,0.183,0.183,0.183,0.183,0.183,0.183,0.183,0.183,0.183,0.183,0.183,0.183
100    091.286   0.183,0.183,0.183,0.183,0.183,0.183,0.183,0.183,0.183,0.183,0.183,0.183,0.183,0.183,0.183,0.183,0.183,0.183,0.183,0.183,0.183,0.183,0.183,0.183,0.183,0.183,0.183,0.183,0.183,0.183
